[[ 0.8    0.     0.     0.     0.     0.     0.     0.     0.     0.
   0.     0.     0.     0.     0.     0.     0.     0.     0.     0.
   0.     0.     0.     0.     0.     0.     0.     0.     0.     0.
   0.     0.     0.     0.     0.     0.     0.     0.     0.     0.
   0.     0.     0.     0.     0.     0.     0.     0.     0.     0.
   0.     0.     0.     0.     0.     0.     0.     0.     0.     0.
   0.     0.     0.     0.     0.     0.     0.     0.     0.     0.
   0.     0.     0.     0.     0.     0.     0.     0.     0.     0.
   0.     0.     0.     0.     0.     0.     0.     0.     0.     0.   ]
 [ 0.112  0.792  0.     0.     0.     0.     0.     0.     0.     0.
   0.     0.     0.     0.     0.     0.     0.     0.     0.     0.
   0.     0.     0.     0.     0.     0.     0.     0.     0.     0.
   0.     0.     0.     0.     0.     0.     0.     0.     0.     0.
   0.     0.     0.     0.     0.     0.     0.     0.     0.     0.
   0.     0.     0.     0.     0.     0.     0.     0.     0.     0.
   0.     0.     0.     0.     0.     0.     0.     0.     0.     0.
   0.     0.     0.     0.     0.     0.     0.     0.     0.     0.
   0.     0.     0.     0.     0.     0.     0.     0.     0.     0.   ]
 [ 0.112  0.098  0.786  0.     0.     0.     0.     0.     0.     0.
   0.     0.     0.     0.     0.     0.     0.     0.     0.     0.
   0.     0.     0.     0.     0.     0.     0.     0.     0.     0.
   0.     0.     0.     0.     0.     0.     0.     0.     0.     0.
   0.     0.     0.     0.     0.     0.     0.     0.     0.     0.
   0.     0.     0.     0.     0.     0.     0.     0.     0.     0.
   0.     0.     0.     0.     0.     0.     0.     0.     0.     0.
   0.     0.     0.     0.     0.     0.     0.     0.     0.     0.
   0.     0.     0.     0.     0.     0.     0.     0.     0.     0.   ]
 [ 0.112  0.098  0.086  0.781  0.     0.     0.     0.     0.     0.
   0.     0.     0.     0.     0.     0.     0.     0.     0.     0.
   0.     0.     0.     0.     0.     0.     0.     0.     0.     0.
   0.     0.     0.     0.     0.     0.     0.     0.     0.     0.
   0.     0.     0.     0.     0.     0.     0.     0.     0.     0.
   0.     0.     0.     0.     0.     0.     0.     0.     0.     0.
   0.     0.     0.     0.     0.     0.     0.     0.     0.     0.
   0.     0.     0.     0.     0.     0.     0.     0.     0.     0.
   0.     0.     0.     0.     0.     0.     0.     0.     0.     0.   ]
 [ 0.112  0.098  0.086  0.077  0.777  0.     0.     0.     0.     0.
   0.     0.     0.     0.     0.     0.     0.     0.     0.     0.
   0.     0.     0.     0.     0.     0.     0.     0.     0.     0.
   0.     0.     0.     0.     0.     0.     0.     0.     0.     0.
   0.     0.     0.     0.     0.     0.     0.     0.     0.     0.
   0.     0.     0.     0.     0.     0.     0.     0.     0.     0.
   0.     0.     0.     0.     0.     0.     0.     0.     0.     0.
   0.     0.     0.     0.     0.     0.     0.     0.     0.     0.
   0.     0.     0.     0.     0.     0.     0.     0.     0.     0.   ]
 [ 0.112  0.098  0.086  0.077  0.07   0.774  0.     0.     0.     0.
   0.     0.     0.     0.     0.     0.     0.     0.     0.     0.
   0.     0.     0.     0.     0.     0.     0.     0.     0.     0.
   0.     0.     0.     0.     0.     0.     0.     0.     0.     0.
   0.     0.     0.     0.     0.     0.     0.     0.     0.     0.
   0.     0.     0.     0.     0.     0.     0.     0.     0.     0.
   0.     0.     0.     0.     0.     0.     0.     0.     0.     0.
   0.     0.     0.     0.     0.     0.     0.     0.     0.     0.
   0.     0.     0.     0.     0.     0.     0.     0.     0.     0.   ]
 [ 0.112  0.098  0.086  0.077  0.07   0.064  0.772  0.     0.     0.
   0.     0.     0.     0.     0.     0.     0.     0.     0.     0.
   0.     0.     0.     0.     0.     0.     0.     0.     0.     0.
   0.     0.     0.     0.     0.     0.     0.     0.     0.     0.
   0.     0.     0.     0.     0.     0.     0.     0.     0.     0.
   0.     0.     0.     0.     0.     0.     0.     0.     0.     0.
   0.     0.     0.     0.     0.     0.     0.     0.     0.     0.
   0.     0.     0.     0.     0.     0.     0.     0.     0.     0.
   0.     0.     0.     0.     0.     0.     0.     0.     0.     0.   ]
 [ 0.112  0.098  0.086  0.077  0.07   0.064  0.059  0.769  0.     0.
   0.     0.     0.     0.     0.     0.     0.     0.     0.     0.
   0.     0.     0.     0.     0.     0.     0.     0.     0.     0.
   0.     0.     0.     0.     0.     0.     0.     0.     0.     0.
   0.     0.     0.     0.     0.     0.     0.     0.     0.     0.
   0.     0.     0.     0.     0.     0.     0.     0.     0.     0.
   0.     0.     0.     0.     0.     0.     0.     0.     0.     0.
   0.     0.     0.     0.     0.     0.     0.     0.     0.     0.
   0.     0.     0.     0.     0.     0.     0.     0.     0.     0.   ]
 [ 0.112  0.098  0.086  0.077  0.07   0.064  0.059  0.055  0.767  0.
   0.     0.     0.     0.     0.     0.     0.     0.     0.     0.
   0.     0.     0.     0.     0.     0.     0.     0.     0.     0.
   0.     0.     0.     0.     0.     0.     0.     0.     0.     0.
   0.     0.     0.     0.     0.     0.     0.     0.     0.     0.
   0.     0.     0.     0.     0.     0.     0.     0.     0.     0.
   0.     0.     0.     0.     0.     0.     0.     0.     0.     0.
   0.     0.     0.     0.     0.     0.     0.     0.     0.     0.
   0.     0.     0.     0.     0.     0.     0.     0.     0.     0.   ]
 [ 0.112  0.098  0.086  0.077  0.07   0.064  0.059  0.055  0.051  0.766
   0.     0.     0.     0.     0.     0.     0.     0.     0.     0.
   0.     0.     0.     0.     0.     0.     0.     0.     0.     0.
   0.     0.     0.     0.     0.     0.     0.     0.     0.     0.
   0.     0.     0.     0.     0.     0.     0.     0.     0.     0.
   0.     0.     0.     0.     0.     0.     0.     0.     0.     0.
   0.     0.     0.     0.     0.     0.     0.     0.     0.     0.
   0.     0.     0.     0.     0.     0.     0.     0.     0.     0.
   0.     0.     0.     0.     0.     0.     0.     0.     0.     0.   ]
 [ 0.     0.     0.     0.     0.     0.     0.     0.     0.     0.
   0.8    0.     0.     0.     0.     0.     0.     0.     0.     0.
   0.     0.     0.     0.     0.     0.     0.     0.     0.     0.
   0.     0.     0.     0.     0.     0.     0.     0.     0.     0.
   0.     0.     0.     0.     0.     0.     0.     0.     0.     0.
   0.     0.     0.     0.     0.     0.     0.     0.     0.     0.
   0.     0.     0.     0.     0.     0.     0.     0.     0.     0.
   0.     0.     0.     0.     0.     0.     0.     0.     0.     0.
   0.     0.     0.     0.     0.     0.     0.     0.     0.     0.   ]
 [ 0.     0.     0.     0.     0.     0.     0.     0.     0.     0.
   0.112  0.792  0.     0.     0.     0.     0.     0.     0.     0.
   0.     0.     0.     0.     0.     0.     0.     0.     0.     0.
   0.     0.     0.     0.     0.     0.     0.     0.     0.     0.
   0.     0.     0.     0.     0.     0.     0.     0.     0.     0.
   0.     0.     0.     0.     0.     0.     0.     0.     0.     0.
   0.     0.     0.     0.     0.     0.     0.     0.     0.     0.
   0.     0.     0.     0.     0.     0.     0.     0.     0.     0.
   0.     0.     0.     0.     0.     0.     0.     0.     0.     0.   ]
 [ 0.     0.     0.     0.     0.     0.     0.     0.     0.     0.
   0.112  0.098  0.786  0.     0.     0.     0.     0.     0.     0.
   0.     0.     0.     0.     0.     0.     0.     0.     0.     0.
   0.     0.     0.     0.     0.     0.     0.     0.     0.     0.
   0.     0.     0.     0.     0.     0.     0.     0.     0.     0.
   0.     0.     0.     0.     0.     0.     0.     0.     0.     0.
   0.     0.     0.     0.     0.     0.     0.     0.     0.     0.
   0.     0.     0.     0.     0.     0.     0.     0.     0.     0.
   0.     0.     0.     0.     0.     0.     0.     0.     0.     0.   ]
 [ 0.     0.     0.     0.     0.     0.     0.     0.     0.     0.
   0.112  0.098  0.086  0.781  0.     0.     0.     0.     0.     0.
   0.     0.     0.     0.     0.     0.     0.     0.     0.     0.
   0.     0.     0.     0.     0.     0.     0.     0.     0.     0.
   0.     0.     0.     0.     0.     0.     0.     0.     0.     0.
   0.     0.     0.     0.     0.     0.     0.     0.     0.     0.
   0.     0.     0.     0.     0.     0.     0.     0.     0.     0.
   0.     0.     0.     0.     0.     0.     0.     0.     0.     0.
   0.     0.     0.     0.     0.     0.     0.     0.     0.     0.   ]
 [ 0.     0.     0.     0.     0.     0.     0.     0.     0.     0.
   0.112  0.098  0.086  0.077  0.777  0.     0.     0.     0.     0.
   0.     0.     0.     0.     0.     0.     0.     0.     0.     0.
   0.     0.     0.     0.     0.     0.     0.     0.     0.     0.
   0.     0.     0.     0.     0.     0.     0.     0.     0.     0.
   0.     0.     0.     0.     0.     0.     0.     0.     0.     0.
   0.     0.     0.     0.     0.     0.     0.     0.     0.     0.
   0.     0.     0.     0.     0.     0.     0.     0.     0.     0.
   0.     0.     0.     0.     0.     0.     0.     0.     0.     0.   ]
 [ 0.     0.     0.     0.     0.     0.     0.     0.     0.     0.
   0.112  0.098  0.086  0.077  0.07   0.774  0.     0.     0.     0.
   0.     0.     0.     0.     0.     0.     0.     0.     0.     0.
   0.     0.     0.     0.     0.     0.     0.     0.     0.     0.
   0.     0.     0.     0.     0.     0.     0.     0.     0.     0.
   0.     0.     0.     0.     0.     0.     0.     0.     0.     0.
   0.     0.     0.     0.     0.     0.     0.     0.     0.     0.
   0.     0.     0.     0.     0.     0.     0.     0.     0.     0.
   0.     0.     0.     0.     0.     0.     0.     0.     0.     0.   ]
 [ 0.     0.     0.     0.     0.     0.     0.     0.     0.     0.
   0.112  0.098  0.086  0.077  0.07   0.064  0.772  0.     0.     0.
   0.     0.     0.     0.     0.     0.     0.     0.     0.     0.
   0.     0.     0.     0.     0.     0.     0.     0.     0.     0.
   0.     0.     0.     0.     0.     0.     0.     0.     0.     0.
   0.     0.     0.     0.     0.     0.     0.     0.     0.     0.
   0.     0.     0.     0.     0.     0.     0.     0.     0.     0.
   0.     0.     0.     0.     0.     0.     0.     0.     0.     0.
   0.     0.     0.     0.     0.     0.     0.     0.     0.     0.   ]
 [ 0.     0.     0.     0.     0.     0.     0.     0.     0.     0.
   0.112  0.098  0.086  0.077  0.07   0.064  0.059  0.769  0.     0.
   0.     0.     0.     0.     0.     0.     0.     0.     0.     0.
   0.     0.     0.     0.     0.     0.     0.     0.     0.     0.
   0.     0.     0.     0.     0.     0.     0.     0.     0.     0.
   0.     0.     0.     0.     0.     0.     0.     0.     0.     0.
   0.     0.     0.     0.     0.     0.     0.     0.     0.     0.
   0.     0.     0.     0.     0.     0.     0.     0.     0.     0.
   0.     0.     0.     0.     0.     0.     0.     0.     0.     0.   ]
 [ 0.     0.     0.     0.     0.     0.     0.     0.     0.     0.
   0.112  0.098  0.086  0.077  0.07   0.064  0.059  0.055  0.767  0.
   0.     0.     0.     0.     0.     0.     0.     0.     0.     0.
   0.     0.     0.     0.     0.     0.     0.     0.     0.     0.
   0.     0.     0.     0.     0.     0.     0.     0.     0.     0.
   0.     0.     0.     0.     0.     0.     0.     0.     0.     0.
   0.     0.     0.     0.     0.     0.     0.     0.     0.     0.
   0.     0.     0.     0.     0.     0.     0.     0.     0.     0.
   0.     0.     0.     0.     0.     0.     0.     0.     0.     0.   ]
 [ 0.     0.     0.     0.     0.     0.     0.     0.     0.     0.
   0.112  0.098  0.086  0.077  0.07   0.064  0.059  0.055  0.051  0.766
   0.     0.     0.     0.     0.     0.     0.     0.     0.     0.
   0.     0.     0.     0.     0.     0.     0.     0.     0.     0.
   0.     0.     0.     0.     0.     0.     0.     0.     0.     0.
   0.     0.     0.     0.     0.     0.     0.     0.     0.     0.
   0.     0.     0.     0.     0.     0.     0.     0.     0.     0.
   0.     0.     0.     0.     0.     0.     0.     0.     0.     0.
   0.     0.     0.     0.     0.     0.     0.     0.     0.     0.   ]
 [ 0.     0.     0.     0.     0.     0.     0.     0.     0.     0.
   0.107 -0.015 -0.013 -0.012 -0.011 -0.01  -0.009 -0.009 -0.008 -0.007
   0.792  0.     0.     0.     0.     0.     0.     0.     0.     0.
   0.     0.     0.     0.     0.     0.     0.     0.     0.     0.
   0.     0.     0.     0.     0.     0.     0.     0.     0.     0.
   0.     0.     0.     0.     0.     0.     0.     0.     0.     0.
   0.     0.     0.     0.     0.     0.     0.     0.     0.     0.
   0.     0.     0.     0.     0.     0.     0.     0.     0.     0.
   0.     0.     0.     0.     0.     0.     0.     0.     0.     0.   ]
 [ 0.     0.     0.     0.     0.     0.     0.     0.     0.     0.
   0.     0.108 -0.013 -0.012 -0.011 -0.01  -0.009 -0.009 -0.008 -0.007
   0.001  0.792  0.     0.     0.     0.     0.     0.     0.     0.
   0.     0.     0.     0.     0.     0.     0.     0.     0.     0.
   0.     0.     0.     0.     0.     0.     0.     0.     0.     0.
   0.     0.     0.     0.     0.     0.     0.     0.     0.     0.
   0.     0.     0.     0.     0.     0.     0.     0.     0.     0.
   0.     0.     0.     0.     0.     0.     0.     0.     0.     0.
   0.     0.     0.     0.     0.     0.     0.     0.     0.     0.   ]
 [ 0.     0.     0.     0.     0.     0.     0.     0.     0.     0.
   0.     0.     0.109 -0.012 -0.011 -0.01  -0.009 -0.009 -0.008 -0.007
   0.001  0.001  0.792  0.     0.     0.     0.     0.     0.     0.
   0.     0.     0.     0.     0.     0.     0.     0.     0.     0.
   0.     0.     0.     0.     0.     0.     0.     0.     0.     0.
   0.     0.     0.     0.     0.     0.     0.     0.     0.     0.
   0.     0.     0.     0.     0.     0.     0.     0.     0.     0.
   0.     0.     0.     0.     0.     0.     0.     0.     0.     0.
   0.     0.     0.     0.     0.     0.     0.     0.     0.     0.   ]
 [ 0.     0.     0.     0.     0.     0.     0.     0.     0.     0.
   0.     0.     0.     0.11  -0.011 -0.01  -0.009 -0.009 -0.008 -0.007
   0.001  0.001  0.001  0.792  0.     0.     0.     0.     0.     0.
   0.     0.     0.     0.     0.     0.     0.     0.     0.     0.
   0.     0.     0.     0.     0.     0.     0.     0.     0.     0.
   0.     0.     0.     0.     0.     0.     0.     0.     0.     0.
   0.     0.     0.     0.     0.     0.     0.     0.     0.     0.
   0.     0.     0.     0.     0.     0.     0.     0.     0.     0.
   0.     0.     0.     0.     0.     0.     0.     0.     0.     0.   ]
 [ 0.     0.     0.     0.     0.     0.     0.     0.     0.     0.
   0.     0.     0.     0.     0.11  -0.01  -0.009 -0.009 -0.008 -0.007
   0.001  0.001  0.001  0.001  0.792  0.     0.     0.     0.     0.
   0.     0.     0.     0.     0.     0.     0.     0.     0.     0.
   0.     0.     0.     0.     0.     0.     0.     0.     0.     0.
   0.     0.     0.     0.     0.     0.     0.     0.     0.     0.
   0.     0.     0.     0.     0.     0.     0.     0.     0.     0.
   0.     0.     0.     0.     0.     0.     0.     0.     0.     0.
   0.     0.     0.     0.     0.     0.     0.     0.     0.     0.   ]
 [ 0.     0.     0.     0.     0.     0.     0.     0.     0.     0.
   0.     0.     0.     0.     0.     0.111 -0.009 -0.009 -0.008 -0.007
   0.001  0.001  0.001  0.001  0.001  0.792  0.     0.     0.     0.
   0.     0.     0.     0.     0.     0.     0.     0.     0.     0.
   0.     0.     0.     0.     0.     0.     0.     0.     0.     0.
   0.     0.     0.     0.     0.     0.     0.     0.     0.     0.
   0.     0.     0.     0.     0.     0.     0.     0.     0.     0.
   0.     0.     0.     0.     0.     0.     0.     0.     0.     0.
   0.     0.     0.     0.     0.     0.     0.     0.     0.     0.   ]
 [ 0.     0.     0.     0.     0.     0.     0.     0.     0.     0.
   0.     0.     0.     0.     0.     0.     0.111 -0.009 -0.008 -0.007
   0.001  0.001  0.001  0.001  0.001  0.001  0.792  0.     0.     0.
   0.     0.     0.     0.     0.     0.     0.     0.     0.     0.
   0.     0.     0.     0.     0.     0.     0.     0.     0.     0.
   0.     0.     0.     0.     0.     0.     0.     0.     0.     0.
   0.     0.     0.     0.     0.     0.     0.     0.     0.     0.
   0.     0.     0.     0.     0.     0.     0.     0.     0.     0.
   0.     0.     0.     0.     0.     0.     0.     0.     0.     0.   ]
 [ 0.     0.     0.     0.     0.     0.     0.     0.     0.     0.
   0.     0.     0.     0.     0.     0.     0.     0.111 -0.008 -0.007
   0.001  0.001  0.001  0.001  0.001  0.001  0.001  0.792  0.     0.
   0.     0.     0.     0.     0.     0.     0.     0.     0.     0.
   0.     0.     0.     0.     0.     0.     0.     0.     0.     0.
   0.     0.     0.     0.     0.     0.     0.     0.     0.     0.
   0.     0.     0.     0.     0.     0.     0.     0.     0.     0.
   0.     0.     0.     0.     0.     0.     0.     0.     0.     0.
   0.     0.     0.     0.     0.     0.     0.     0.     0.     0.   ]
 [ 0.     0.     0.     0.     0.     0.     0.     0.     0.     0.
   0.     0.     0.     0.     0.     0.     0.     0.     0.112 -0.007
   0.001  0.001  0.001  0.001  0.001  0.001  0.001  0.001  0.792  0.
   0.     0.     0.     0.     0.     0.     0.     0.     0.     0.
   0.     0.     0.     0.     0.     0.     0.     0.     0.     0.
   0.     0.     0.     0.     0.     0.     0.     0.     0.     0.
   0.     0.     0.     0.     0.     0.     0.     0.     0.     0.
   0.     0.     0.     0.     0.     0.     0.     0.     0.     0.
   0.     0.     0.     0.     0.     0.     0.     0.     0.     0.   ]
 [ 0.     0.     0.     0.     0.     0.     0.     0.     0.     0.
   0.     0.     0.     0.     0.     0.     0.     0.     0.     0.112
   0.001  0.001  0.001  0.001  0.001  0.001  0.001  0.001  0.001  0.792
   0.     0.     0.     0.     0.     0.     0.     0.     0.     0.
   0.     0.     0.     0.     0.     0.     0.     0.     0.     0.
   0.     0.     0.     0.     0.     0.     0.     0.     0.     0.
   0.     0.     0.     0.     0.     0.     0.     0.     0.     0.
   0.     0.     0.     0.     0.     0.     0.     0.     0.     0.
   0.     0.     0.     0.     0.     0.     0.     0.     0.     0.   ]
 [ 0.     0.     0.     0.     0.     0.     0.     0.     0.     0.
   0.06  -0.009 -0.008 -0.007 -0.006 -0.006 -0.005 -0.005 -0.004 -0.004
   0.323  0.     0.     0.     0.     0.     0.     0.     0.     0.
   0.729  0.     0.     0.     0.     0.     0.     0.     0.     0.
   0.     0.     0.     0.     0.     0.     0.     0.     0.     0.
   0.     0.     0.     0.     0.     0.     0.     0.     0.     0.
   0.     0.     0.     0.     0.     0.     0.     0.     0.     0.
   0.     0.     0.     0.     0.     0.     0.     0.     0.     0.
   0.     0.     0.     0.     0.     0.     0.     0.     0.     0.   ]
 [ 0.     0.     0.     0.     0.     0.     0.     0.     0.     0.
   0.     0.061 -0.008 -0.007 -0.006 -0.006 -0.005 -0.005 -0.004 -0.004
   0.001  0.323  0.     0.     0.     0.     0.     0.     0.     0.
   0.     0.729  0.     0.     0.     0.     0.     0.     0.     0.
   0.     0.     0.     0.     0.     0.     0.     0.     0.     0.
   0.     0.     0.     0.     0.     0.     0.     0.     0.     0.
   0.     0.     0.     0.     0.     0.     0.     0.     0.     0.
   0.     0.     0.     0.     0.     0.     0.     0.     0.     0.
   0.     0.     0.     0.     0.     0.     0.     0.     0.     0.   ]
 [ 0.     0.     0.     0.     0.     0.     0.     0.     0.     0.
   0.     0.     0.061 -0.007 -0.006 -0.006 -0.005 -0.005 -0.004 -0.004
   0.001  0.001  0.323  0.     0.     0.     0.     0.     0.     0.
   0.     0.     0.729  0.     0.     0.     0.     0.     0.     0.
   0.     0.     0.     0.     0.     0.     0.     0.     0.     0.
   0.     0.     0.     0.     0.     0.     0.     0.     0.     0.
   0.     0.     0.     0.     0.     0.     0.     0.     0.     0.
   0.     0.     0.     0.     0.     0.     0.     0.     0.     0.
   0.     0.     0.     0.     0.     0.     0.     0.     0.     0.   ]
 [ 0.     0.     0.     0.     0.     0.     0.     0.     0.     0.
   0.     0.     0.     0.061 -0.006 -0.006 -0.005 -0.005 -0.004 -0.004
   0.001  0.001  0.001  0.323  0.     0.     0.     0.     0.     0.
   0.     0.     0.     0.729  0.     0.     0.     0.     0.     0.
   0.     0.     0.     0.     0.     0.     0.     0.     0.     0.
   0.     0.     0.     0.     0.     0.     0.     0.     0.     0.
   0.     0.     0.     0.     0.     0.     0.     0.     0.     0.
   0.     0.     0.     0.     0.     0.     0.     0.     0.     0.
   0.     0.     0.     0.     0.     0.     0.     0.     0.     0.   ]
 [ 0.     0.     0.     0.     0.     0.     0.     0.     0.     0.
   0.     0.     0.     0.     0.062 -0.006 -0.005 -0.005 -0.004 -0.004
   0.001  0.001  0.001  0.001  0.323  0.     0.     0.     0.     0.
   0.     0.     0.     0.     0.729  0.     0.     0.     0.     0.
   0.     0.     0.     0.     0.     0.     0.     0.     0.     0.
   0.     0.     0.     0.     0.     0.     0.     0.     0.     0.
   0.     0.     0.     0.     0.     0.     0.     0.     0.     0.
   0.     0.     0.     0.     0.     0.     0.     0.     0.     0.
   0.     0.     0.     0.     0.     0.     0.     0.     0.     0.   ]
 [ 0.     0.     0.     0.     0.     0.     0.     0.     0.     0.
   0.     0.     0.     0.     0.     0.062 -0.005 -0.005 -0.004 -0.004
   0.001  0.001  0.001  0.001  0.001  0.323  0.     0.     0.     0.
   0.     0.     0.     0.     0.     0.729  0.     0.     0.     0.
   0.     0.     0.     0.     0.     0.     0.     0.     0.     0.
   0.     0.     0.     0.     0.     0.     0.     0.     0.     0.
   0.     0.     0.     0.     0.     0.     0.     0.     0.     0.
   0.     0.     0.     0.     0.     0.     0.     0.     0.     0.
   0.     0.     0.     0.     0.     0.     0.     0.     0.     0.   ]
 [ 0.     0.     0.     0.     0.     0.     0.     0.     0.     0.
   0.     0.     0.     0.     0.     0.     0.062 -0.005 -0.004 -0.004
   0.001  0.001  0.001  0.001  0.001  0.001  0.323  0.     0.     0.
   0.     0.     0.     0.     0.     0.     0.729  0.     0.     0.
   0.     0.     0.     0.     0.     0.     0.     0.     0.     0.
   0.     0.     0.     0.     0.     0.     0.     0.     0.     0.
   0.     0.     0.     0.     0.     0.     0.     0.     0.     0.
   0.     0.     0.     0.     0.     0.     0.     0.     0.     0.
   0.     0.     0.     0.     0.     0.     0.     0.     0.     0.   ]
 [ 0.     0.     0.     0.     0.     0.     0.     0.     0.     0.
   0.     0.     0.     0.     0.     0.     0.     0.062 -0.004 -0.004
   0.001  0.001  0.001  0.001  0.001  0.001  0.001  0.323  0.     0.
   0.     0.     0.     0.     0.     0.     0.     0.729  0.     0.
   0.     0.     0.     0.     0.     0.     0.     0.     0.     0.
   0.     0.     0.     0.     0.     0.     0.     0.     0.     0.
   0.     0.     0.     0.     0.     0.     0.     0.     0.     0.
   0.     0.     0.     0.     0.     0.     0.     0.     0.     0.
   0.     0.     0.     0.     0.     0.     0.     0.     0.     0.   ]
 [ 0.     0.     0.     0.     0.     0.     0.     0.     0.     0.
   0.     0.     0.     0.     0.     0.     0.     0.     0.063 -0.004
   0.001  0.001  0.001  0.001  0.001  0.001  0.001  0.001  0.323  0.
   0.     0.     0.     0.     0.     0.     0.     0.     0.729  0.
   0.     0.     0.     0.     0.     0.     0.     0.     0.     0.
   0.     0.     0.     0.     0.     0.     0.     0.     0.     0.
   0.     0.     0.     0.     0.     0.     0.     0.     0.     0.
   0.     0.     0.     0.     0.     0.     0.     0.     0.     0.
   0.     0.     0.     0.     0.     0.     0.     0.     0.     0.   ]
 [ 0.     0.     0.     0.     0.     0.     0.     0.     0.     0.
   0.     0.     0.     0.     0.     0.     0.     0.     0.     0.063
   0.001  0.001  0.001  0.001  0.001  0.001  0.001  0.001  0.001  0.323
   0.     0.     0.     0.     0.     0.     0.     0.     0.     0.729
   0.     0.     0.     0.     0.     0.     0.     0.     0.     0.
   0.     0.     0.     0.     0.     0.     0.     0.     0.     0.
   0.     0.     0.     0.     0.     0.     0.     0.     0.     0.
   0.     0.     0.     0.     0.     0.     0.     0.     0.     0.
   0.     0.     0.     0.     0.     0.     0.     0.     0.     0.   ]
 [ 0.     0.     0.     0.     0.     0.     0.     0.     0.     0.
   0.124  0.     0.     0.     0.     0.     0.     0.     0.     0.
   0.128 -0.    -0.    -0.    -0.    -0.    -0.    -0.    -0.    -0.
   0.124 -0.    -0.    -0.    -0.    -0.    -0.    -0.    -0.    -0.
   0.77   0.     0.     0.     0.     0.     0.     0.     0.     0.
   0.     0.     0.     0.     0.     0.     0.     0.     0.     0.
   0.     0.     0.     0.     0.     0.     0.     0.     0.     0.
   0.     0.     0.     0.     0.     0.     0.     0.     0.     0.
   0.     0.     0.     0.     0.     0.     0.     0.     0.     0.   ]
 [ 0.     0.     0.     0.     0.     0.     0.     0.     0.     0.
   0.017  0.123 -0.    -0.    -0.    -0.    -0.    -0.    -0.    -0.
   0.     0.128 -0.    -0.    -0.    -0.    -0.    -0.    -0.    -0.
  -0.     0.124 -0.    -0.    -0.    -0.    -0.    -0.    -0.    -0.
   0.114  0.761  0.     0.     0.     0.     0.     0.     0.     0.
   0.     0.     0.     0.     0.     0.     0.     0.     0.     0.
   0.     0.     0.     0.     0.     0.     0.     0.     0.     0.
   0.     0.     0.     0.     0.     0.     0.     0.     0.     0.
   0.     0.     0.     0.     0.     0.     0.     0.     0.     0.   ]
 [ 0.     0.     0.     0.     0.     0.     0.     0.     0.     0.
   0.017  0.015  0.122  0.     0.     0.     0.     0.     0.     0.
  -0.    -0.     0.128 -0.    -0.    -0.    -0.    -0.    -0.    -0.
  -0.    -0.     0.124 -0.    -0.    -0.    -0.    -0.    -0.    -0.
   0.114  0.098  0.755  0.     0.     0.     0.     0.     0.     0.
   0.     0.     0.     0.     0.     0.     0.     0.     0.     0.
   0.     0.     0.     0.     0.     0.     0.     0.     0.     0.
   0.     0.     0.     0.     0.     0.     0.     0.     0.     0.
   0.     0.     0.     0.     0.     0.     0.     0.     0.     0.   ]
 [ 0.     0.     0.     0.     0.     0.     0.     0.     0.     0.
   0.017  0.015  0.013  0.121  0.     0.     0.     0.     0.     0.
   0.     0.     0.     0.128 -0.    -0.    -0.    -0.    -0.    -0.
  -0.    -0.    -0.     0.124 -0.    -0.    -0.    -0.    -0.    -0.
   0.114  0.098  0.086  0.75   0.     0.     0.     0.     0.     0.
   0.     0.     0.     0.     0.     0.     0.     0.     0.     0.
   0.     0.     0.     0.     0.     0.     0.     0.     0.     0.
   0.     0.     0.     0.     0.     0.     0.     0.     0.     0.
   0.     0.     0.     0.     0.     0.     0.     0.     0.     0.   ]
 [ 0.     0.     0.     0.     0.     0.     0.     0.     0.     0.
   0.017  0.015  0.013  0.012  0.121  0.     0.     0.     0.     0.
  -0.    -0.    -0.    -0.     0.128 -0.    -0.    -0.    -0.    -0.
  -0.    -0.    -0.    -0.     0.124 -0.    -0.    -0.    -0.    -0.
   0.114  0.098  0.086  0.077  0.746  0.     0.     0.     0.     0.
   0.     0.     0.     0.     0.     0.     0.     0.     0.     0.
   0.     0.     0.     0.     0.     0.     0.     0.     0.     0.
   0.     0.     0.     0.     0.     0.     0.     0.     0.     0.
   0.     0.     0.     0.     0.     0.     0.     0.     0.     0.   ]
 [ 0.     0.     0.     0.     0.     0.     0.     0.     0.     0.
   0.017  0.015  0.013  0.012  0.011  0.12   0.     0.     0.     0.
  -0.    -0.    -0.    -0.     0.     0.128 -0.    -0.    -0.    -0.
  -0.    -0.    -0.    -0.    -0.     0.124 -0.    -0.    -0.    -0.
   0.114  0.098  0.086  0.077  0.069  0.743  0.     0.     0.     0.
   0.     0.     0.     0.     0.     0.     0.     0.     0.     0.
   0.     0.     0.     0.     0.     0.     0.     0.     0.     0.
   0.     0.     0.     0.     0.     0.     0.     0.     0.     0.
   0.     0.     0.     0.     0.     0.     0.     0.     0.     0.   ]
 [ 0.     0.     0.     0.     0.     0.     0.     0.     0.     0.
   0.017  0.015  0.013  0.012  0.011  0.01   0.12   0.     0.     0.
  -0.    -0.     0.     0.     0.     0.     0.128 -0.    -0.    -0.
  -0.    -0.    -0.    -0.    -0.    -0.     0.124 -0.    -0.    -0.
   0.114  0.098  0.086  0.077  0.069  0.063  0.74   0.     0.     0.
   0.     0.     0.     0.     0.     0.     0.     0.     0.     0.
   0.     0.     0.     0.     0.     0.     0.     0.     0.     0.
   0.     0.     0.     0.     0.     0.     0.     0.     0.     0.
   0.     0.     0.     0.     0.     0.     0.     0.     0.     0.   ]
 [ 0.     0.     0.     0.     0.     0.     0.     0.     0.     0.
   0.017  0.015  0.013  0.012  0.011  0.01   0.009  0.119 -0.    -0.
  -0.    -0.    -0.    -0.     0.     0.    -0.     0.128 -0.    -0.
  -0.    -0.    -0.    -0.    -0.    -0.    -0.     0.124 -0.    -0.
   0.114  0.098  0.086  0.077  0.069  0.063  0.058  0.738  0.     0.
   0.     0.     0.     0.     0.     0.     0.     0.     0.     0.
   0.     0.     0.     0.     0.     0.     0.     0.     0.     0.
   0.     0.     0.     0.     0.     0.     0.     0.     0.     0.
   0.     0.     0.     0.     0.     0.     0.     0.     0.     0.   ]
 [ 0.     0.     0.     0.     0.     0.     0.     0.     0.     0.
   0.017  0.015  0.013  0.012  0.011  0.01   0.009  0.008  0.119 -0.
  -0.    -0.    -0.    -0.     0.     0.     0.     0.     0.128 -0.
  -0.    -0.    -0.    -0.    -0.    -0.    -0.    -0.     0.124 -0.
   0.114  0.098  0.086  0.077  0.069  0.063  0.058  0.054  0.736  0.
   0.     0.     0.     0.     0.     0.     0.     0.     0.     0.
   0.     0.     0.     0.     0.     0.     0.     0.     0.     0.
   0.     0.     0.     0.     0.     0.     0.     0.     0.     0.
   0.     0.     0.     0.     0.     0.     0.     0.     0.     0.   ]
 [ 0.     0.     0.     0.     0.     0.     0.     0.     0.     0.
   0.017  0.015  0.013  0.012  0.011  0.01   0.009  0.008  0.008  0.119
  -0.    -0.    -0.    -0.     0.    -0.    -0.    -0.    -0.     0.128
  -0.    -0.    -0.    -0.    -0.    -0.    -0.    -0.    -0.     0.124
   0.114  0.098  0.086  0.077  0.069  0.063  0.058  0.054  0.05   0.734
   0.     0.     0.     0.     0.     0.     0.     0.     0.     0.
   0.     0.     0.     0.     0.     0.     0.     0.     0.     0.
   0.     0.     0.     0.     0.     0.     0.     0.     0.     0.
   0.     0.     0.     0.     0.     0.     0.     0.     0.     0.   ]
 [ 0.     0.     0.     0.     0.     0.     0.     0.     0.     0.
   0.043  0.     0.     0.     0.     0.     0.     0.     0.     0.
   0.049 -0.    -0.    -0.    -0.    -0.    -0.    -0.    -0.    -0.
   0.075 -0.    -0.    -0.    -0.    -0.    -0.    -0.    -0.    -0.
   0.238  0.001  0.001  0.001  0.001  0.001  0.001  0.001  0.001  0.001
   0.757  0.     0.     0.     0.     0.     0.     0.     0.     0.
   0.     0.     0.     0.     0.     0.     0.     0.     0.     0.
   0.     0.     0.     0.     0.     0.     0.     0.     0.     0.
   0.     0.     0.     0.     0.     0.     0.     0.     0.     0.   ]
 [ 0.     0.     0.     0.     0.     0.     0.     0.     0.     0.
   0.006  0.043 -0.    -0.    -0.    -0.     0.     0.     0.     0.
  -0.     0.049 -0.    -0.    -0.    -0.    -0.    -0.    -0.    -0.
  -0.     0.075 -0.    -0.    -0.    -0.    -0.    -0.    -0.    -0.
   0.036  0.235  0.001  0.001  0.001  0.001  0.001  0.001  0.001  0.001
   0.107  0.75   0.     0.     0.     0.     0.     0.     0.     0.
   0.     0.     0.     0.     0.     0.     0.     0.     0.     0.
   0.     0.     0.     0.     0.     0.     0.     0.     0.     0.
   0.     0.     0.     0.     0.     0.     0.     0.     0.     0.   ]
 [ 0.     0.     0.     0.     0.     0.     0.     0.     0.     0.
   0.006  0.005  0.042  0.     0.     0.     0.     0.     0.     0.
  -0.    -0.     0.049 -0.    -0.    -0.    -0.    -0.    -0.    -0.
  -0.    -0.     0.075 -0.    -0.    -0.    -0.    -0.    -0.    -0.
   0.036  0.031  0.233  0.001  0.001  0.001  0.001  0.001  0.001  0.001
   0.107  0.093  0.744  0.     0.     0.     0.     0.     0.     0.
   0.     0.     0.     0.     0.     0.     0.     0.     0.     0.
   0.     0.     0.     0.     0.     0.     0.     0.     0.     0.
   0.     0.     0.     0.     0.     0.     0.     0.     0.     0.   ]
 [ 0.     0.     0.     0.     0.     0.     0.     0.     0.     0.
   0.006  0.005  0.005  0.042 -0.    -0.     0.     0.     0.     0.
  -0.    -0.     0.     0.049 -0.    -0.    -0.    -0.    -0.    -0.
  -0.    -0.    -0.     0.075 -0.    -0.    -0.    -0.    -0.    -0.
   0.036  0.031  0.027  0.231  0.001  0.001  0.001  0.001  0.001  0.001
   0.107  0.093  0.082  0.739  0.     0.     0.     0.     0.     0.
   0.     0.     0.     0.     0.     0.     0.     0.     0.     0.
   0.     0.     0.     0.     0.     0.     0.     0.     0.     0.
   0.     0.     0.     0.     0.     0.     0.     0.     0.     0.   ]
 [ 0.     0.     0.     0.     0.     0.     0.     0.     0.     0.
   0.006  0.005  0.005  0.004  0.042  0.     0.     0.     0.     0.
  -0.    -0.    -0.    -0.     0.049 -0.    -0.    -0.    -0.    -0.
  -0.    -0.    -0.    -0.     0.075 -0.    -0.    -0.    -0.    -0.
   0.036  0.031  0.027  0.024  0.23   0.001  0.001  0.001  0.001  0.001
   0.107  0.093  0.082  0.073  0.736  0.     0.     0.     0.     0.
   0.     0.     0.     0.     0.     0.     0.     0.     0.     0.
   0.     0.     0.     0.     0.     0.     0.     0.     0.     0.
   0.     0.     0.     0.     0.     0.     0.     0.     0.     0.   ]
 [ 0.     0.     0.     0.     0.     0.     0.     0.     0.     0.
   0.006  0.005  0.005  0.004  0.004  0.042  0.     0.     0.     0.
  -0.    -0.    -0.    -0.    -0.     0.049 -0.    -0.    -0.    -0.
  -0.    -0.    -0.    -0.    -0.     0.075 -0.    -0.    -0.    -0.
   0.036  0.031  0.027  0.024  0.022  0.229  0.001  0.001  0.001  0.001
   0.107  0.093  0.082  0.073  0.066  0.733  0.     0.     0.     0.
   0.     0.     0.     0.     0.     0.     0.     0.     0.     0.
   0.     0.     0.     0.     0.     0.     0.     0.     0.     0.
   0.     0.     0.     0.     0.     0.     0.     0.     0.     0.   ]
 [ 0.     0.     0.     0.     0.     0.     0.     0.     0.     0.
   0.006  0.005  0.005  0.004  0.004  0.003  0.042  0.     0.     0.
  -0.     0.     0.     0.     0.    -0.     0.049 -0.    -0.    -0.
  -0.    -0.    -0.    -0.    -0.    -0.     0.075 -0.    -0.    -0.
   0.036  0.031  0.027  0.024  0.022  0.02   0.228  0.001  0.001  0.001
   0.107  0.093  0.082  0.073  0.066  0.061  0.73   0.     0.     0.
   0.     0.     0.     0.     0.     0.     0.     0.     0.     0.
   0.     0.     0.     0.     0.     0.     0.     0.     0.     0.
   0.     0.     0.     0.     0.     0.     0.     0.     0.     0.   ]
 [ 0.     0.     0.     0.     0.     0.     0.     0.     0.     0.
   0.006  0.005  0.005  0.004  0.004  0.003  0.003  0.042 -0.    -0.
  -0.     0.     0.     0.     0.     0.    -0.     0.049 -0.    -0.
  -0.    -0.    -0.    -0.    -0.    -0.    -0.     0.075 -0.    -0.
   0.036  0.031  0.027  0.024  0.022  0.02   0.018  0.227  0.001  0.001
   0.107  0.093  0.082  0.073  0.066  0.061  0.056  0.728  0.     0.
   0.     0.     0.     0.     0.     0.     0.     0.     0.     0.
   0.     0.     0.     0.     0.     0.     0.     0.     0.     0.
   0.     0.     0.     0.     0.     0.     0.     0.     0.     0.   ]
 [ 0.     0.     0.     0.     0.     0.     0.     0.     0.     0.
   0.006  0.005  0.005  0.004  0.004  0.003  0.003  0.003  0.041 -0.
  -0.    -0.     0.     0.     0.     0.     0.     0.     0.049 -0.
  -0.    -0.    -0.    -0.    -0.    -0.    -0.    -0.     0.075 -0.
   0.036  0.031  0.027  0.024  0.022  0.02   0.018  0.017  0.227  0.001
   0.107  0.093  0.082  0.073  0.066  0.061  0.056  0.052  0.726  0.
   0.     0.     0.     0.     0.     0.     0.     0.     0.     0.
   0.     0.     0.     0.     0.     0.     0.     0.     0.     0.
   0.     0.     0.     0.     0.     0.     0.     0.     0.     0.   ]
 [ 0.     0.     0.     0.     0.     0.     0.     0.     0.     0.
   0.006  0.005  0.005  0.004  0.004  0.003  0.003  0.003  0.003  0.041
  -0.     0.     0.     0.     0.    -0.    -0.     0.    -0.     0.049
  -0.    -0.    -0.    -0.    -0.    -0.    -0.    -0.    -0.     0.075
   0.036  0.031  0.027  0.024  0.022  0.02   0.018  0.017  0.016  0.226
   0.107  0.093  0.082  0.073  0.066  0.061  0.056  0.052  0.048  0.725
   0.     0.     0.     0.     0.     0.     0.     0.     0.     0.
   0.     0.     0.     0.     0.     0.     0.     0.     0.     0.
   0.     0.     0.     0.     0.     0.     0.     0.     0.     0.   ]
 [ 0.     0.     0.     0.     0.     0.     0.     0.     0.     0.
   0.45  -0.064 -0.057 -0.051 -0.046 -0.042 -0.039 -0.036 -0.033 -0.031
   0.024  0.004  0.004  0.004  0.004  0.004  0.004  0.004  0.004  0.004
   0.016  0.001  0.001  0.001  0.001  0.001  0.001  0.001  0.001  0.001
   0.101 -0.016 -0.014 -0.012 -0.011 -0.01  -0.009 -0.009 -0.008 -0.008
   0.01  -0.002 -0.001 -0.001 -0.001 -0.001 -0.001 -0.001 -0.001 -0.001
   0.637  0.     0.     0.     0.     0.     0.     0.     0.     0.
   0.     0.     0.     0.     0.     0.     0.     0.     0.     0.
   0.     0.     0.     0.     0.     0.     0.     0.     0.     0.   ]
 [ 0.     0.     0.     0.     0.     0.     0.     0.     0.     0.
   0.     0.455 -0.057 -0.051 -0.046 -0.042 -0.039 -0.036 -0.033 -0.031
   0.004  0.024  0.004  0.004  0.004  0.004  0.004  0.004  0.004  0.004
   0.001  0.016  0.001  0.001  0.001  0.001  0.001  0.001  0.001  0.001
  -0.001  0.102 -0.014 -0.012 -0.011 -0.01  -0.009 -0.009 -0.008 -0.008
  -0.     0.01  -0.001 -0.001 -0.001 -0.001 -0.001 -0.001 -0.001 -0.001
   0.024  0.637  0.     0.     0.     0.     0.     0.     0.     0.
   0.     0.     0.     0.     0.     0.     0.     0.     0.     0.
   0.     0.     0.     0.     0.     0.     0.     0.     0.     0.   ]
 [ 0.     0.     0.     0.     0.     0.     0.     0.     0.     0.
   0.     0.     0.458 -0.051 -0.046 -0.042 -0.039 -0.036 -0.033 -0.031
   0.004  0.004  0.024  0.004  0.004  0.004  0.004  0.004  0.004  0.004
   0.001  0.001  0.016  0.001  0.001  0.001  0.001  0.001  0.001  0.001
  -0.001 -0.001  0.103 -0.012 -0.011 -0.01  -0.009 -0.009 -0.008 -0.008
  -0.    -0.     0.01  -0.001 -0.001 -0.001 -0.001 -0.001 -0.001 -0.001
   0.024  0.023  0.637  0.     0.     0.     0.     0.     0.     0.
   0.     0.     0.     0.     0.     0.     0.     0.     0.     0.
   0.     0.     0.     0.     0.     0.     0.     0.     0.     0.   ]
 [ 0.     0.     0.     0.     0.     0.     0.     0.     0.     0.
   0.     0.     0.     0.461 -0.046 -0.042 -0.039 -0.036 -0.033 -0.031
   0.004  0.004  0.004  0.024  0.004  0.004  0.004  0.004  0.004  0.004
   0.001  0.001  0.001  0.016  0.001  0.001  0.001  0.001  0.001  0.001
  -0.001 -0.001 -0.001  0.103 -0.011 -0.01  -0.009 -0.009 -0.008 -0.008
  -0.    -0.    -0.     0.01  -0.001 -0.001 -0.001 -0.001 -0.001 -0.001
   0.024  0.023  0.022  0.636  0.     0.     0.     0.     0.     0.
   0.     0.     0.     0.     0.     0.     0.     0.     0.     0.
   0.     0.     0.     0.     0.     0.     0.     0.     0.     0.   ]
 [ 0.     0.     0.     0.     0.     0.     0.     0.     0.     0.
   0.     0.     0.     0.     0.463 -0.042 -0.039 -0.036 -0.033 -0.031
   0.004  0.004  0.004  0.004  0.024  0.004  0.004  0.004  0.004  0.004
   0.001  0.001  0.001  0.001  0.016  0.001  0.001  0.001  0.001  0.001
  -0.001 -0.001 -0.001 -0.001  0.104 -0.01  -0.009 -0.009 -0.008 -0.008
  -0.    -0.    -0.    -0.     0.01  -0.001 -0.001 -0.001 -0.001 -0.001
   0.024  0.023  0.022  0.021  0.636  0.     0.     0.     0.     0.
   0.     0.     0.     0.     0.     0.     0.     0.     0.     0.
   0.     0.     0.     0.     0.     0.     0.     0.     0.     0.   ]
 [ 0.     0.     0.     0.     0.     0.     0.     0.     0.     0.
   0.     0.     0.     0.     0.     0.465 -0.039 -0.036 -0.033 -0.031
   0.004  0.004  0.004  0.004  0.004  0.024  0.004  0.004  0.004  0.004
   0.001  0.001  0.001  0.001  0.001  0.016  0.001  0.001  0.001  0.001
  -0.001 -0.001 -0.001 -0.001 -0.001  0.105 -0.009 -0.009 -0.008 -0.008
  -0.    -0.    -0.    -0.    -0.     0.01  -0.001 -0.001 -0.001 -0.001
   0.024  0.023  0.022  0.021  0.021  0.635  0.     0.     0.     0.
   0.     0.     0.     0.     0.     0.     0.     0.     0.     0.
   0.     0.     0.     0.     0.     0.     0.     0.     0.     0.   ]
 [ 0.     0.     0.     0.     0.     0.     0.     0.     0.     0.
   0.     0.     0.     0.     0.     0.     0.467 -0.036 -0.033 -0.031
   0.004  0.004  0.004  0.004  0.004  0.004  0.024  0.004  0.004  0.004
   0.001  0.001  0.001  0.001  0.001  0.001  0.016  0.001  0.001  0.001
  -0.001 -0.001 -0.001 -0.001 -0.001 -0.     0.105 -0.009 -0.008 -0.008
  -0.    -0.    -0.    -0.    -0.    -0.     0.01  -0.001 -0.001 -0.001
   0.024  0.023  0.022  0.021  0.021  0.02   0.635  0.     0.     0.
   0.     0.     0.     0.     0.     0.     0.     0.     0.     0.
   0.     0.     0.     0.     0.     0.     0.     0.     0.     0.   ]
 [ 0.     0.     0.     0.     0.     0.     0.     0.     0.     0.
   0.     0.     0.     0.     0.     0.     0.     0.468 -0.033 -0.031
   0.004  0.004  0.004  0.004  0.004  0.004  0.004  0.024  0.004  0.004
   0.001  0.001  0.001  0.001  0.001  0.001  0.001  0.016  0.001  0.001
  -0.001 -0.001 -0.001 -0.001 -0.001 -0.    -0.     0.105 -0.008 -0.008
  -0.    -0.    -0.    -0.    -0.    -0.    -0.     0.01  -0.001 -0.001
   0.024  0.023  0.022  0.021  0.021  0.02   0.019  0.635  0.     0.
   0.     0.     0.     0.     0.     0.     0.     0.     0.     0.
   0.     0.     0.     0.     0.     0.     0.     0.     0.     0.   ]
 [ 0.     0.     0.     0.     0.     0.     0.     0.     0.     0.
   0.     0.     0.     0.     0.     0.     0.     0.     0.47  -0.031
   0.004  0.004  0.004  0.004  0.004  0.004  0.004  0.004  0.024  0.004
   0.001  0.001  0.001  0.001  0.001  0.001  0.001  0.001  0.016  0.001
  -0.001 -0.001 -0.001 -0.001 -0.001 -0.    -0.    -0.     0.106 -0.008
  -0.    -0.    -0.    -0.    -0.    -0.    -0.    -0.     0.01  -0.001
   0.024  0.023  0.022  0.021  0.021  0.02   0.019  0.019  0.635  0.
   0.     0.     0.     0.     0.     0.     0.     0.     0.     0.
   0.     0.     0.     0.     0.     0.     0.     0.     0.     0.   ]
 [ 0.     0.     0.     0.     0.     0.     0.     0.     0.     0.
   0.     0.     0.     0.     0.     0.     0.     0.     0.     0.471
   0.004  0.004  0.004  0.004  0.004  0.004  0.004  0.004  0.004  0.024
   0.001  0.001  0.001  0.001  0.001  0.001  0.001  0.001  0.001  0.016
  -0.001 -0.001 -0.001 -0.001 -0.001 -0.    -0.    -0.    -0.     0.106
  -0.    -0.    -0.    -0.    -0.    -0.    -0.    -0.    -0.     0.01
   0.024  0.023  0.022  0.021  0.021  0.02   0.019  0.019  0.018  0.634
   0.     0.     0.     0.     0.     0.     0.     0.     0.     0.
   0.     0.     0.     0.     0.     0.     0.     0.     0.     0.   ]
 [ 0.     0.     0.     0.     0.     0.     0.     0.     0.     0.
   0.085 -0.012 -0.011 -0.01  -0.009 -0.008 -0.007 -0.007 -0.006 -0.006
   0.06   0.001  0.001  0.001  0.001  0.001  0.001  0.001  0.001  0.001
   0.045  0.     0.     0.     0.     0.     0.     0.     0.     0.
   0.044 -0.007 -0.006 -0.005 -0.005 -0.004 -0.004 -0.004 -0.003 -0.003
  -0.007  0.001  0.001  0.001  0.001  0.001  0.001  0.001  0.     0.
   0.064  0.002  0.002  0.002  0.002  0.002  0.002  0.002  0.002  0.002
   0.788  0.     0.     0.     0.     0.     0.     0.     0.     0.
   0.     0.     0.     0.     0.     0.     0.     0.     0.     0.   ]
 [ 0.     0.     0.     0.     0.     0.     0.     0.     0.     0.
   0.     0.086 -0.011 -0.01  -0.009 -0.008 -0.007 -0.007 -0.006 -0.006
   0.001  0.06   0.001  0.001  0.001  0.001  0.001  0.001  0.001  0.001
   0.     0.045  0.     0.     0.     0.     0.     0.     0.     0.
  -0.     0.044 -0.006 -0.005 -0.005 -0.004 -0.004 -0.004 -0.003 -0.003
  -0.    -0.007  0.001  0.001  0.001  0.001  0.001  0.001  0.     0.
   0.004  0.064  0.002  0.002  0.002  0.002  0.002  0.002  0.002  0.002
   0.     0.788  0.     0.     0.     0.     0.     0.     0.     0.
   0.     0.     0.     0.     0.     0.     0.     0.     0.     0.   ]
 [ 0.     0.     0.     0.     0.     0.     0.     0.     0.     0.
   0.     0.     0.086 -0.01  -0.009 -0.008 -0.007 -0.007 -0.006 -0.006
   0.001  0.001  0.06   0.001  0.001  0.001  0.001  0.001  0.001  0.001
   0.     0.     0.045  0.     0.     0.     0.     0.     0.     0.
  -0.    -0.     0.045 -0.005 -0.005 -0.004 -0.004 -0.004 -0.003 -0.003
  -0.    -0.    -0.007  0.001  0.001  0.001  0.001  0.001  0.     0.
   0.004  0.004  0.064  0.002  0.002  0.002  0.002  0.002  0.002  0.002
   0.     0.     0.788  0.     0.     0.     0.     0.     0.     0.
   0.     0.     0.     0.     0.     0.     0.     0.     0.     0.   ]
 [ 0.     0.     0.     0.     0.     0.     0.     0.     0.     0.
   0.     0.     0.     0.087 -0.009 -0.008 -0.007 -0.007 -0.006 -0.006
   0.001  0.001  0.001  0.06   0.001  0.001  0.001  0.001  0.001  0.001
   0.     0.     0.     0.045  0.     0.     0.     0.     0.     0.
  -0.    -0.    -0.     0.045 -0.005 -0.004 -0.004 -0.004 -0.003 -0.003
  -0.    -0.    -0.    -0.007  0.001  0.001  0.001  0.001  0.     0.
   0.004  0.004  0.004  0.064  0.002  0.002  0.002  0.002  0.002  0.002
   0.     0.     0.     0.788  0.     0.     0.     0.     0.     0.
   0.     0.     0.     0.     0.     0.     0.     0.     0.     0.   ]
 [ 0.     0.     0.     0.     0.     0.     0.     0.     0.     0.
   0.     0.     0.     0.     0.087 -0.008 -0.007 -0.007 -0.006 -0.006
   0.001  0.001  0.001  0.001  0.06   0.001  0.001  0.001  0.001  0.001
   0.     0.     0.     0.     0.045  0.     0.     0.     0.     0.
  -0.    -0.    -0.    -0.     0.045 -0.004 -0.004 -0.004 -0.003 -0.003
  -0.    -0.    -0.    -0.    -0.007  0.001  0.001  0.001  0.     0.
   0.004  0.004  0.004  0.004  0.064  0.002  0.002  0.002  0.002  0.002
   0.     0.     0.     0.     0.788  0.     0.     0.     0.     0.
   0.     0.     0.     0.     0.     0.     0.     0.     0.     0.   ]
 [ 0.     0.     0.     0.     0.     0.     0.     0.     0.     0.
   0.     0.     0.     0.     0.     0.088 -0.007 -0.007 -0.006 -0.006
   0.001  0.001  0.001  0.001  0.001  0.06   0.001  0.001  0.001  0.001
   0.     0.     0.     0.     0.     0.045  0.     0.     0.     0.
  -0.    -0.    -0.    -0.    -0.     0.046 -0.004 -0.004 -0.003 -0.003
  -0.    -0.    -0.    -0.    -0.    -0.007  0.001  0.001  0.     0.
   0.004  0.004  0.004  0.004  0.004  0.064  0.002  0.002  0.002  0.002
   0.     0.     0.     0.     0.     0.788  0.     0.     0.     0.
   0.     0.     0.     0.     0.     0.     0.     0.     0.     0.   ]
 [ 0.     0.     0.     0.     0.     0.     0.     0.     0.     0.
   0.     0.     0.     0.     0.     0.     0.088 -0.007 -0.006 -0.006
   0.001  0.001  0.001  0.001  0.001  0.001  0.06   0.001  0.001  0.001
   0.     0.     0.     0.     0.     0.     0.045  0.     0.     0.
  -0.    -0.    -0.    -0.    -0.    -0.     0.046 -0.004 -0.003 -0.003
  -0.    -0.    -0.    -0.    -0.    -0.    -0.007  0.001  0.     0.
   0.004  0.004  0.004  0.004  0.004  0.004  0.064  0.002  0.002  0.002
   0.     0.     0.     0.     0.     0.     0.788  0.     0.     0.
   0.     0.     0.     0.     0.     0.     0.     0.     0.     0.   ]
 [ 0.     0.     0.     0.     0.     0.     0.     0.     0.     0.
   0.     0.     0.     0.     0.     0.     0.     0.088 -0.006 -0.006
   0.001  0.001  0.001  0.001  0.001  0.001  0.001  0.06   0.001  0.001
   0.     0.     0.     0.     0.     0.     0.     0.045  0.     0.
  -0.    -0.    -0.    -0.    -0.    -0.    -0.     0.046 -0.003 -0.003
  -0.    -0.    -0.    -0.    -0.    -0.    -0.    -0.007  0.     0.
   0.004  0.004  0.004  0.004  0.004  0.004  0.004  0.064  0.002  0.002
   0.     0.     0.     0.     0.     0.     0.     0.788  0.     0.
   0.     0.     0.     0.     0.     0.     0.     0.     0.     0.   ]
 [ 0.     0.     0.     0.     0.     0.     0.     0.     0.     0.
   0.     0.     0.     0.     0.     0.     0.     0.     0.088 -0.006
   0.001  0.001  0.001  0.001  0.001  0.001  0.001  0.001  0.06   0.001
   0.     0.     0.     0.     0.     0.     0.     0.     0.045  0.
  -0.    -0.    -0.    -0.    -0.    -0.    -0.    -0.     0.046 -0.003
  -0.    -0.    -0.    -0.    -0.    -0.    -0.    -0.    -0.007  0.
   0.004  0.004  0.004  0.004  0.004  0.004  0.004  0.003  0.063  0.002
   0.     0.     0.     0.     0.     0.     0.     0.     0.788  0.
   0.     0.     0.     0.     0.     0.     0.     0.     0.     0.   ]
 [ 0.     0.     0.     0.     0.     0.     0.     0.     0.     0.
   0.     0.     0.     0.     0.     0.     0.     0.     0.     0.089
   0.001  0.001  0.001  0.001  0.001  0.001  0.001  0.001  0.001  0.06
   0.     0.     0.     0.     0.     0.     0.     0.     0.     0.045
  -0.    -0.    -0.    -0.    -0.    -0.    -0.    -0.    -0.     0.046
  -0.    -0.    -0.    -0.    -0.    -0.    -0.    -0.    -0.    -0.007
   0.004  0.004  0.004  0.004  0.004  0.004  0.004  0.003  0.003  0.063
   0.     0.     0.     0.     0.     0.     0.     0.     0.     0.788
   0.     0.     0.     0.     0.     0.     0.     0.     0.     0.   ]
 [ 0.     0.     0.     0.     0.     0.     0.     0.     0.     0.
   0.021  0.     0.     0.     0.     0.     0.     0.     0.     0.
   0.026 -0.    -0.    -0.    -0.    -0.    -0.    -0.    -0.    -0.
   0.046 -0.    -0.    -0.    -0.    -0.    -0.    -0.    -0.    -0.
   0.113  0.001  0.001  0.001  0.001  0.001  0.     0.     0.     0.
   0.363  0.     0.     0.     0.     0.     0.     0.     0.     0.
   0.05  -0.002 -0.002 -0.002 -0.002 -0.002 -0.002 -0.002 -0.002 -0.001
   0.059 -0.    -0.    -0.    -0.    -0.    -0.    -0.    -0.    -0.
   0.697  0.     0.     0.     0.     0.     0.     0.     0.     0.   ]
 [ 0.     0.     0.     0.     0.     0.     0.     0.     0.     0.
   0.003  0.021  0.     0.     0.     0.     0.     0.     0.     0.
  -0.     0.026 -0.    -0.    -0.    -0.    -0.    -0.    -0.    -0.
  -0.     0.046 -0.    -0.    -0.    -0.    -0.    -0.    -0.    -0.
   0.018  0.111  0.001  0.001  0.001  0.001  0.     0.     0.     0.
   0.051  0.359  0.     0.     0.     0.     0.     0.     0.     0.
  -0.     0.05  -0.002 -0.002 -0.002 -0.002 -0.002 -0.002 -0.002 -0.001
  -0.     0.059 -0.    -0.    -0.    -0.    -0.    -0.    -0.    -0.
   0.099  0.69   0.     0.     0.     0.     0.     0.     0.     0.   ]
 [ 0.     0.     0.     0.     0.     0.     0.     0.     0.     0.
   0.003  0.003  0.02   0.     0.     0.     0.     0.     0.     0.
  -0.    -0.     0.026 -0.    -0.    -0.    -0.    -0.    -0.    -0.
  -0.    -0.     0.046 -0.    -0.    -0.    -0.    -0.    -0.    -0.
   0.018  0.015  0.11   0.001  0.001  0.001  0.     0.     0.     0.
   0.051  0.044  0.356  0.     0.     0.     0.     0.     0.     0.
  -0.    -0.     0.05  -0.002 -0.002 -0.002 -0.002 -0.002 -0.002 -0.001
  -0.    -0.     0.059 -0.    -0.    -0.    -0.    -0.    -0.    -0.
   0.099  0.086  0.685  0.     0.     0.     0.     0.     0.     0.   ]
 [ 0.     0.     0.     0.     0.     0.     0.     0.     0.     0.
   0.003  0.003  0.002  0.02   0.     0.     0.     0.     0.     0.
  -0.    -0.     0.     0.026 -0.    -0.    -0.    -0.    -0.    -0.
  -0.    -0.    -0.     0.046 -0.    -0.    -0.    -0.    -0.    -0.
   0.018  0.015  0.013  0.11   0.001  0.001  0.     0.     0.     0.
   0.051  0.044  0.039  0.354  0.     0.     0.     0.     0.     0.
  -0.    -0.    -0.     0.05  -0.002 -0.002 -0.002 -0.002 -0.002 -0.001
  -0.    -0.    -0.     0.059 -0.    -0.    -0.    -0.    -0.    -0.
   0.099  0.086  0.076  0.681  0.     0.     0.     0.     0.     0.   ]
 [ 0.     0.     0.     0.     0.     0.     0.     0.     0.     0.
   0.003  0.003  0.002  0.002  0.02   0.     0.     0.     0.     0.
  -0.    -0.    -0.    -0.     0.026 -0.    -0.    -0.    -0.    -0.
  -0.    -0.    -0.    -0.     0.046 -0.    -0.    -0.    -0.    -0.
   0.018  0.015  0.013  0.012  0.109  0.001  0.     0.     0.     0.
   0.051  0.044  0.039  0.035  0.352  0.     0.     0.     0.     0.
  -0.    -0.    -0.    -0.     0.05  -0.002 -0.002 -0.002 -0.002 -0.001
  -0.    -0.    -0.    -0.     0.059 -0.    -0.    -0.    -0.    -0.
   0.099  0.086  0.076  0.068  0.677  0.     0.     0.     0.     0.   ]
 [ 0.     0.     0.     0.     0.     0.     0.     0.     0.     0.
   0.003  0.003  0.002  0.002  0.002  0.02   0.     0.     0.     0.
  -0.    -0.    -0.    -0.     0.     0.026 -0.    -0.    -0.    -0.
  -0.    -0.    -0.    -0.    -0.     0.046 -0.    -0.    -0.    -0.
   0.018  0.015  0.013  0.012  0.011  0.108  0.     0.     0.     0.
   0.051  0.044  0.039  0.035  0.032  0.351  0.     0.     0.     0.
  -0.    -0.    -0.    -0.    -0.     0.05  -0.002 -0.002 -0.002 -0.001
  -0.    -0.    -0.    -0.    -0.     0.059 -0.    -0.    -0.    -0.
   0.099  0.086  0.076  0.068  0.061  0.674  0.     0.     0.     0.   ]
 [ 0.     0.     0.     0.     0.     0.     0.     0.     0.     0.
   0.003  0.003  0.002  0.002  0.002  0.002  0.02   0.     0.     0.
  -0.    -0.     0.     0.     0.     0.     0.026 -0.    -0.    -0.
  -0.    -0.    -0.    -0.    -0.    -0.     0.046 -0.    -0.    -0.
   0.018  0.015  0.013  0.012  0.011  0.01   0.108  0.     0.     0.
   0.051  0.044  0.039  0.035  0.032  0.029  0.35   0.     0.     0.
  -0.    -0.    -0.    -0.    -0.    -0.     0.05  -0.002 -0.002 -0.001
  -0.    -0.    -0.    -0.    -0.    -0.     0.059 -0.    -0.    -0.
   0.099  0.086  0.076  0.068  0.061  0.056  0.672  0.     0.     0.   ]
 [ 0.     0.     0.     0.     0.     0.     0.     0.     0.     0.
   0.003  0.003  0.002  0.002  0.002  0.002  0.002  0.02   0.     0.
  -0.     0.     0.     0.     0.     0.    -0.     0.026 -0.    -0.
  -0.    -0.    -0.    -0.    -0.    -0.    -0.     0.046 -0.    -0.
   0.018  0.015  0.013  0.012  0.011  0.01   0.009  0.108  0.     0.
   0.051  0.044  0.039  0.035  0.032  0.029  0.027  0.349  0.     0.
  -0.    -0.    -0.    -0.    -0.    -0.    -0.     0.05  -0.002 -0.001
  -0.    -0.    -0.    -0.    -0.    -0.    -0.     0.059 -0.    -0.
   0.099  0.086  0.076  0.068  0.061  0.056  0.052  0.67   0.     0.   ]
 [ 0.     0.     0.     0.     0.     0.     0.     0.     0.     0.
   0.003  0.003  0.002  0.002  0.002  0.002  0.002  0.001  0.02   0.
   0.     0.     0.    -0.     0.     0.     0.     0.     0.026 -0.
  -0.    -0.    -0.    -0.    -0.    -0.    -0.    -0.     0.046 -0.
   0.018  0.015  0.013  0.012  0.011  0.01   0.009  0.008  0.107  0.
   0.051  0.044  0.039  0.035  0.032  0.029  0.027  0.025  0.348  0.
  -0.    -0.    -0.    -0.    -0.    -0.    -0.    -0.     0.05  -0.001
  -0.    -0.    -0.    -0.    -0.    -0.    -0.    -0.     0.059 -0.
   0.099  0.086  0.076  0.068  0.061  0.056  0.052  0.048  0.668  0.   ]
 [ 0.     0.     0.     0.     0.     0.     0.     0.     0.     0.
   0.003  0.003  0.002  0.002  0.002  0.002  0.002  0.001  0.001  0.02
  -0.    -0.     0.     0.     0.     0.     0.    -0.    -0.     0.026
  -0.    -0.    -0.    -0.    -0.    -0.    -0.    -0.    -0.     0.046
   0.018  0.015  0.013  0.012  0.011  0.01   0.009  0.008  0.008  0.107
   0.051  0.044  0.039  0.035  0.032  0.029  0.027  0.025  0.023  0.347
  -0.    -0.    -0.    -0.    -0.    -0.    -0.    -0.    -0.     0.05
  -0.    -0.    -0.    -0.    -0.    -0.    -0.    -0.    -0.     0.059
   0.099  0.086  0.076  0.068  0.061  0.056  0.052  0.048  0.045  0.667]]
